{
 "cells": [
  {
   "cell_type": "code",
   "execution_count": 39,
   "id": "640770b0-6786-4774-890c-621336846cb4",
   "metadata": {},
   "outputs": [],
   "source": [
    "using Clapeyron\n",
    "using Plots\n",
    "using CSV\n",
    "using DataFrames\n",
    "using LaTeXStrings"
   ]
  },
  {
   "cell_type": "markdown",
   "id": "872e783f-653a-4839-86c2-df2c9c462abd",
   "metadata": {},
   "source": [
    "Set Up the Model"
   ]
  },
  {
   "cell_type": "code",
   "execution_count": 80,
   "id": "3e56c561-4a1a-4c89-9bee-55951fa77f10",
   "metadata": {},
   "outputs": [],
   "source": [
    "model_mix = SAFTgammaMie([(\"MEA\",[\"NH2\"=>1, \"CH2\"=>1, \"CH2OH\"=>1]),(\"Water\",[\"H2O\"=>1]),(\"Carbon Dioxide\",[\"CO2\"=>1])];\n",
    "\n",
    "        userlocations = (Mw = [16.02285, 14.02658, 31.03392, 18.01528, 44.01],\n",
    "\n",
    "        epsilon = [284.78 348.39 528.21 339.89 134.58;\n",
    "\n",
    "                   348.39 473.39 423.17 423.63 276.45;\n",
    "\n",
    "                   528.21 423.17 407.22 358.02 312.3;\n",
    "\n",
    "                   339.89 423.63 358.02 266.68 226.38;\n",
    "                   \n",
    "                   134.58 276.45 312.3 226.38 207.89],\n",
    "\n",
    "        sigma = [3.2477, 4.8801, 3.4054, 3.0063, 3.05],\n",
    "\n",
    "        lambda_a = [6, 6, 6, 6, 5.055],\n",
    "\n",
    "        lambda_r = [10.354 14.063 52.305 13.085 50.06;\n",
    "\n",
    "                    14.063 19.871 21.230 100.00 22.873;\n",
    "\n",
    "                    52.305 21.230 22.699 19.619 24.474;\n",
    "\n",
    "                    13.085 100.00 19.619 17.020 21.116;\n",
    "            \n",
    "                    50.06  22.873 24.474 21.116 26.408],\n",
    "\n",
    "        vst = [1, 1, 2, 1, 2],\n",
    "\n",
    "        S = [0.79675, 0.22932, 0.58538, 1, 0.84680],\n",
    "\n",
    "        n_H=[2, 0, 1, 2, 0],\n",
    "\n",
    "        n_e=[1, 0, 2, 2, 0],\n",
    "\n",
    "        n_a1=[0, 0, 0, 0, 1],\n",
    "\n",
    "        #n_a1e=[1, 0, 0, 1, 0],\n",
    "\n",
    "        n_a2=[0, 0, 0, 0, 1],\n",
    "\n",
    "        #n_a2e=[1, 0, 0, 0, 0],\n",
    "\n",
    "        epsilon_assoc = Dict([((\"NH2\",\"H\"),(\"NH2\",\"e\")) => 1070.80,\n",
    "\n",
    "                              ((\"NH2\",\"H\"),(\"CH2OH\",\"e\")) => 629.88,\n",
    "\n",
    "                              ((\"NH2\",\"H\"),(\"H2O\",\"e\")) => 1364.40,\n",
    "\n",
    "                              ((\"CH2OH\",\"H\"),(\"NH2\",\"e\")) => 2403.78,\n",
    "\n",
    "                              ((\"CH2OH\",\"H\"),(\"CH2OH\",\"e\")) => 2097.90,\n",
    "\n",
    "                              ((\"CH2OH\",\"H\"),(\"H2O\",\"e\")) => 600.00,\n",
    "\n",
    "                              ((\"H2O\",\"H\"),(\"NH2\",\"e\")) => 1877.50,\n",
    "\n",
    "                              ((\"H2O\",\"H\"),(\"CH2OH\",\"e\")) => 2000.6,\n",
    "\n",
    "                              ((\"H2O\",\"H\"),(\"H2O\",\"e\")) => 1985.40,\n",
    "\n",
    "                              ((\"CO2\",\"a1\"),(\"NH2\",\"e\")) => 3313,\n",
    "                \n",
    "                              ((\"CO2\",\"a1\"),(\"H2O\",\"e\")) => 1398.1,\n",
    "                 \n",
    "                              ((\"CO2\",\"a2\"),(\"NH2\",\"e\")) => 4943.6]),\n",
    "                \n",
    "                              #((\"CO2\",\"a1\"),(\"NH2\",\"a1e\")) => 3313,\n",
    "                \n",
    "                              #((\"CO2\",\"a1\"),(\"H2O\",\"a1e\")) => 1398.1,\n",
    "                 \n",
    "                              #((\"CO2\",\"a2\"),(\"NH2\",\"a2e\")) => 4943.6]),\n",
    "        \n",
    "\n",
    "        bondvol = Dict([((\"NH2\",\"H\"),(\"NH2\",\"e\")) => 95.225e-30,\n",
    "\n",
    "                              ((\"NH2\",\"H\"),(\"CH2OH\",\"e\")) => 346.08e-30,\n",
    "\n",
    "                              ((\"NH2\",\"H\"),(\"H2O\",\"e\")) => 22.450e-30,\n",
    "\n",
    "                              ((\"CH2OH\",\"H\"),(\"NH2\",\"e\")) => 26.192e-30,\n",
    "\n",
    "                              ((\"CH2OH\",\"H\"),(\"CH2OH\",\"e\")) => 62.309e-30,\n",
    "\n",
    "                              ((\"CH2OH\",\"H\"),(\"H2O\",\"e\")) => 490.19e-30,\n",
    "\n",
    "                              ((\"H2O\",\"H\"),(\"NH2\",\"e\")) => 459.18e-30,\n",
    "\n",
    "                              ((\"H2O\",\"H\"),(\"CH2OH\",\"e\")) => 130.02e-30,\n",
    "\n",
    "                              ((\"H2O\",\"H\"),(\"H2O\",\"e\")) => 101.69e-30,\n",
    "\n",
    "                              ((\"CO2\",\"a1\"),(\"NH2\",\"e\")) => 3280.3e-30,\n",
    "                \n",
    "                              ((\"CO2\",\"a1\"),(\"H2O\",\"e\")) => 91.419e-30,\n",
    "                 \n",
    "                              ((\"CO2\",\"a2\"),(\"NH2\",\"e\")) => 142.64e-30])));\n",
    "                \n",
    "                              #((\"CO2\",\"a1\"),(\"NH2\",\"a1e\")) => 3280.3e-30,\n",
    "                \n",
    "                              #((\"CO2\",\"a1\"),(\"H2O\",\"a1e\")) => 91.419e-30,\n",
    "                 \n",
    "                              #((\"CO2\",\"a2\"),(\"NH2\",\"a2e\")) => 142.64e-30])));"
   ]
  },
  {
   "cell_type": "markdown",
   "id": "319a2e99-7a08-4186-b2ae-da66f248b1db",
   "metadata": {},
   "source": [
    "Create the composition of the liquid phase"
   ]
  },
  {
   "cell_type": "code",
   "execution_count": 83,
   "id": "5c351320-3654-4233-86bf-aeb67f20c4bb",
   "metadata": {},
   "outputs": [
    {
     "name": "stdout",
     "output_type": "stream",
     "text": [
      "x_liq = [0.11210784769553458 0.8868921523044655 0.001; 0.11188227402396997 0.8851076249659291 0.0030101010101010106; 0.11165670035240535 0.8833230976273926 0.005020202020202021; 0.11143112668084075 0.8815385702888562 0.007030303030303031; 0.11120555300927613 0.8797540429503198 0.009040404040404041; 0.11097997933771153 0.8779695156117834 0.011050505050505052; 0.11075440566614692 0.876184988273247 0.013060606060606062; 0.11052883199458231 0.8744004609347106 0.015070707070707071; 0.11030325832301771 0.8726159335961743 0.017080808080808085; 0.11007768465145311 0.8708314062576379 0.019090909090909092; 0.10985211097988849 0.8690468789191015 0.021101010101010103; 0.10962653730832389 0.8672623515805651 0.023111111111111114; 0.10940096363675927 0.8654778242420287 0.025121212121212124; 0.10917538996519466 0.8636932969034923 0.027131313131313135; 0.10894981629363006 0.8619087695649559 0.02914141414141414; 0.10872424262206544 0.8601242422264195 0.031151515151515152; 0.10849866895050084 0.8583397148878831 0.03316161616161617; 0.10827309527893622 0.8565551875493466 0.03517171717171717; 0.10804752160737162 0.8547706602108102 0.037181818181818184; 0.107821947935807 0.8529861328722738 0.03919191919191919; 0.1075963742642424 0.8512016055337374 0.041202020202020205; 0.10737080059267778 0.849417078195201 0.043212121212121216; 0.10714522692111318 0.8476325508566646 0.045222222222222226; 0.10691965324954857 0.8458480235181282 0.04723232323232324; 0.10669407957798396 0.8440634961795919 0.04924242424242425; 0.10646850590641936 0.8422789688410555 0.05125252525252526; 0.10624293223485475 0.8404944415025191 0.05326262626262627; 0.10601735856329014 0.8387099141639827 0.05527272727272727; 0.10579178489172553 0.8369253868254463 0.05728282828282829; 0.10556621122016092 0.8351408594869099 0.05929292929292929; 0.10534063754859631 0.8333563321483735 0.061303030303030304; 0.1051150638770317 0.8315718048098371 0.06331313131313131; 0.10488949020546709 0.8297872774713005 0.06532323232323234; 0.10466391653390249 0.8280027501327641 0.06733333333333333; 0.10443834286233787 0.8262182227942277 0.06934343434343435; 0.10421276919077327 0.8244336954556913 0.07135353535353535; 0.10398719551920865 0.8226491681171549 0.07336363636363638; 0.10376162184764405 0.8208646407786185 0.07537373737373738; 0.10353604817607945 0.8190801134400822 0.07738383838383837; 0.10331047450451483 0.8172955861015458 0.0793939393939394; 0.10308490083295023 0.8155110587630094 0.08140404040404041; 0.10285932716138561 0.813726531424473 0.08341414141414143; 0.10263375348982101 0.8119420040859366 0.08542424242424243; 0.1024081798182564 0.8101574767474002 0.08743434343434343; 0.10218260614669179 0.8083729494088638 0.08944444444444445; 0.10195703247512718 0.8065884220703274 0.09145454545454546; 0.10173145880356257 0.804803894731791 0.09346464646464647; 0.10150588513199796 0.8030193673932545 0.09547474747474748; 0.10128031146043336 0.8012348400547181 0.0974848484848485; 0.10105473778886874 0.7994503127161817 0.09949494949494951; 0.10082916411730414 0.7976657853776453 0.10150505050505051; 0.10060359044573952 0.7958812580391089 0.10351515151515152; 0.1003780167741749 0.7940967307005725 0.10552525252525254; 0.1001524431026103 0.7923122033620361 0.10753535353535354; 0.0999268694310457 0.7905276760234998 0.10954545454545454; 0.0997012957594811 0.7887431486849634 0.11155555555555556; 0.09947572208791648 0.786958621346427 0.11356565656565658; 0.09925014841635188 0.7851740940078906 0.1155757575757576; 0.09902457474478726 0.7833895666693542 0.11758585858585859; 0.09879900107322266 0.7816050393308178 0.11959595959595959; 0.09857342740165805 0.7798205119922814 0.1216060606060606; 0.09834785373009344 0.778035984653745 0.12361616161616162; 0.09812228005852883 0.7762514573152085 0.12562626262626264; 0.09789670638696421 0.7744669299766721 0.12763636363636366; 0.09767113271539961 0.7726824026381357 0.12964646464646468; 0.09744555904383499 0.7708978752995993 0.13165656565656567; 0.0972199853722704 0.769113347961063 0.13366666666666666; 0.09699441170070577 0.7673288206225265 0.1356767676767677; 0.09676883802914119 0.7655442932839902 0.1376868686868687; 0.09654326435757657 0.7637597659454538 0.1396969696969697; 0.09631769068601197 0.7619752386069174 0.1417070707070707; 0.09609211701444735 0.760190711268381 0.14371717171717172; 0.09586654334288275 0.7584061839298446 0.14572727272727276; 0.09564096967131813 0.7566216565913082 0.14773737373737375; 0.09541539599975353 0.7548371292527718 0.14974747474747477; 0.09518982232818891 0.7530526019142354 0.15175757575757576; 0.0949642486566243 0.751268074575699 0.15376767676767675; 0.0947386749850597 0.7494835472371625 0.1557777777777778; 0.09451310131349508 0.7476990198986261 0.1577878787878788; 0.09428752764193048 0.7459144925600897 0.15979797979797983; 0.09406195397036586 0.7441299652215533 0.16180808080808082; 0.09383638029880126 0.7423454378830169 0.16381818181818183; 0.09361080662723664 0.7405609105444805 0.16582828282828285; 0.09338523295567204 0.7387763832059441 0.16783838383838384; 0.09315965928410742 0.7369918558674077 0.16984848484848486; 0.09293408561254284 0.7352073285288714 0.17185858585858585; 0.09270851194097822 0.733422801190335 0.17386868686868687; 0.0924829382694136 0.7316382738517985 0.1758787878787879; 0.092257364597849 0.7298537465132622 0.1778888888888889; 0.09203179092628438 0.7280692191747258 0.17989898989898992; 0.09180621725471978 0.7262846918361894 0.1819090909090909; 0.09158064358315517 0.724500164497653 0.18391919191919193; 0.09135506991159056 0.7227156371591165 0.18592929292929294; 0.09112949624002595 0.7209311098205801 0.18793939393939396; 0.09090392256846135 0.7191465824820437 0.18994949494949495; 0.09067834889689673 0.7173620551435073 0.19195959595959597; 0.09045277522533213 0.7155775278049709 0.193969696969697; 0.09022720155376751 0.7137930004664345 0.195979797979798; 0.09000162788220291 0.7120084731278981 0.19798989898989902; 0.0897760542106383 0.7102239457893618 0.2]\n",
      "loading = [0.00891998214715375; 0.026904181527952483; 0.04496104581594752; 0.06309101630497835; 0.08129453786943483; 0.09957205900064568; 0.11792403184371161; 0.13635091223478937; 0.15485315973883357; 0.17343123768780214; 0.19208561321933298; 0.2108167573158976; 0.22962514484443966; 0.24851125459650433; 0.26747556932886674; 0.286518575804666; 0.30564076483505187; 0.3248426313213527; 0.3441246742977715; 0.3634873969746172; 0.3829313067820809; 0.40245691541456285; 0.42206473887555973; 0.4417552975231208; 0.4615291161158795; 0.4813867238596711; 0.501328654454744; 0.5213554461435729; 0.5414676417592861; 0.5616657887747096; 0.5819504393520465; 0.6023221503931904; 0.6227814835906937; 0.6433290054793896; 0.6639652874886881; 0.6846909059955467; 0.7055064423781344; 0.7264124830701919; 0.7474096196161061; 0.7684984487267045; 0.7896795723357798; 0.8109535976573634; 0.8323211372437491; 0.8537828090442873; 0.8753392364649554; 0.8969910484287208; 0.9187388794367057; 0.9405833696301686; 0.962525164853313; 0.9845649167169376; 1.0067032826629412; 1.0289409260296962; 1.0512785161183011; 1.0737167282597304; 1.096256243882894; 1.1188977505836195; 1.1416419421945732; 1.164489518856135; 1.1874411870882424; 1.210497659863218; 1.2336596566795965; 1.2569279036369692; 1.2803031335118589; 1.303786085834646; 1.3273775069675584; 1.3510781501837468; 1.3748887757474582; 1.3988101509953326; 1.4228430504188276; 1.4469882557478129; 1.4712465560353238; 1.4956187477435219; 1.5201056348308581; 1.5447080288404778; 1.5694267489898757; 1.594262622261826; 1.6192164834966087; 1.644289175485555; 1.6694815490659285; 1.694794463217172; 1.7202287851585383; 1.7457853904481286; 1.7714651630833622; 1.7972689956029033; 1.8231977891900704; 1.8492524537777448; 1.875433908154823; 1.9017430800742128; 1.928180906362422; 1.9547483330307611; 1.981446315388176; 2.0082758181557594; 2.0352378155829465; 2.0623332915654493; 2.089563239764936; 2.1169286637305036; 2.144430577021964; 2.172070003334983; 2.199847976628097; 2.2277655412516486;;]\n"
     ]
    },
    {
     "data": {
      "text/plain": [
       "100×1 Matrix{Float64}:\n",
       " 0.00891998214715375\n",
       " 0.026904181527952483\n",
       " 0.04496104581594752\n",
       " 0.06309101630497835\n",
       " 0.08129453786943483\n",
       " 0.09957205900064568\n",
       " 0.11792403184371161\n",
       " 0.13635091223478937\n",
       " 0.15485315973883357\n",
       " 0.17343123768780214\n",
       " 0.19208561321933298\n",
       " 0.2108167573158976\n",
       " 0.22962514484443966\n",
       " ⋮\n",
       " 1.928180906362422\n",
       " 1.9547483330307611\n",
       " 1.981446315388176\n",
       " 2.0082758181557594\n",
       " 2.0352378155829465\n",
       " 2.0623332915654493\n",
       " 2.089563239764936\n",
       " 2.1169286637305036\n",
       " 2.144430577021964\n",
       " 2.172070003334983\n",
       " 2.199847976628097\n",
       " 2.2277655412516486"
      ]
     },
     "execution_count": 83,
     "metadata": {},
     "output_type": "execute_result"
    }
   ],
   "source": [
    "wt_MEA = 0.3\n",
    "wt_H2O = 1-wt_MEA\n",
    "\n",
    "mw_MEA = 61.08\n",
    "mw_H2O = 18.01528\n",
    "\n",
    "x_MEA = (wt_MEA/mw_MEA)*(1/((wt_MEA/mw_MEA)+(wt_H2O/mw_H2O)))\n",
    "x_H2O = 1-x_MEA\n",
    "\n",
    "#now create a vector of CO2 compositions\n",
    "\n",
    "x_CO2 = LinRange(0.001, 0.2, 100)\n",
    "\n",
    "# calculate the new composition assuming MEA and H2O proportions remain the same\n",
    "\n",
    "N = length(x_CO2)\n",
    "x_liq = zeros(N, 3)\n",
    "\n",
    "for j in 1:N\n",
    "    global \n",
    "    rat = 1-x_CO2[j]\n",
    "    x_MEAc = x_MEA*rat\n",
    "    x_H2Oc = x_H2O*rat\n",
    "    x_liq[j, 1] = x_MEAc\n",
    "    x_liq[j, 2] = x_H2Oc\n",
    "    x_liq[j, 3] = x_CO2[j]\n",
    "end\n",
    "\n",
    "# now calculate the equivalent loading at each composition\n",
    "\n",
    "loading = zeros(N,1)\n",
    "\n",
    "for i in 1:N\n",
    "    load = x_liq[i, 3]/x_liq[i, 1]\n",
    "    loading[i] = load\n",
    "end\n",
    "\n",
    "\n",
    "@show x_liq\n",
    "@show loading"
   ]
  },
  {
   "cell_type": "markdown",
   "id": "cc1837e8-23dc-4d36-9229-812f8b64e579",
   "metadata": {},
   "source": [
    "Calculate the pressure and gas phase composition"
   ]
  },
  {
   "cell_type": "code",
   "execution_count": 86,
   "id": "bdfbf983-7689-4fd7-87ec-9c7cee423efd",
   "metadata": {},
   "outputs": [
    {
     "name": "stdout",
     "output_type": "stream",
     "text": [
      "y_vap = [0.0005736534115560692 0.999419823087581 6.523500862942733e-6; 0.0005538606939071106 0.9994260055915819 2.013371451103918e-5; 0.0005343782358890615 0.999431170332632 3.4451431478954575e-5; 0.0005152094208760359 0.9994352574969915 4.9533082132513506e-5; 0.000496357576804224 0.9994382017389194 6.54406842763855e-5; 0.00047782597566981406 0.9994399315105139 8.224251381627745e-5; 0.00045961783213284527 0.9994403682967309 0.00010001387113622862; 0.00044173630582788583 0.9994394257350517 0.00011883795912037698; 0.00042418449337375535 0.9994370086149309 0.00013880689169532; 0.0004069654372210388 0.999433011707132 0.0001600228556469796; 0.0003900821140853616 0.9994273184332612 0.00018259945265353128; 0.00037353744164136623 0.9994197993039714 0.00020666325438722932; 0.0003573342735473542 0.9994103101165056 0.00023235560994705473; 0.00034147539861478744 0.9993986898478548 0.00025983475353041907; 0.00032596354031680564 0.9993847581891192 0.00028927827056401956; 0.0003108013534268832 0.999368312653109 0.00032088599346413726; 0.00029599142412175893 0.9993491251612922 0.0003548834145861157; 0.0002815362681558384 0.9993269380075797 0.0003915257242644854; 0.00026743833017368917 0.9993014590619392 0.00043110260788703503; 0.0002536999806845341 0.9992723560504979 0.0004739439688175029; 0.00024032351377225642 0.9992392496999207 0.0005204267863070378; 0.00022731115017622885 0.9992017054779097 0.00057098337191408; 0.00021466503275921085 0.9991592236093643 0.000626111357876491; 0.00020238722904993307 0.9991112269279295 0.0006863858430204983; 0.00019047972693640486 0.999057046031966 0.0007524742410975893; 0.00017894443943081262 0.9989959010250672 0.0008251545355020262; 0.00016778320393452293 0.9989268789425837 0.0009053378534817913; 0.00015699778553435705 0.9988489056601062 0.000994096554359447; 0.0001465898806491597 0.9987607107159855 0.001092699403365316; 0.00013656112414143525 0.9986607829619726 0.0012026559138860193; 0.00012691309611566025 0.9985473142674135 0.0013257726364708233; 0.00011764733539260367 0.9984181275383486 0.0014642251262587669; 0.00010876535557245781 0.9982705840137587 0.0016206506306688517; 0.00010026866751062084 0.9981014629843433 0.0017982683481460038; 9.215880950413525e-5 0.9979068045847717 0.00200103660572426; 8.443738781543422e-5 0.997681702871694 0.002233859740490618; 7.710613020478926e-5 0.997420031713054 0.0025028621567411147; 7.016695633810866e-5 0.9971140797485816 0.0028157532950803255; 6.362206879515188e-5 0.9967540626349536 0.003182315296251237; 5.7474068032985386e-5 0.9963274712584469 0.0036150546735200795; 5.172609150239846e-5 0.9958182053078855 0.004130068600612158; 4.6381970366093984e-5 0.9952054377411171 0.004748180288516757; 4.144637515778292e-5 0.994462170059831 0.005496383565011254; 3.692489141392515e-5 0.9935534985649106 0.006409576543675466; 3.282388685043866e-5 0.992434769440739 0.007532406672410508; 2.914992870277799e-5 0.9910501298166117 0.008920720254685599; 2.5908380705617157e-5 0.9893325283629437 0.010641563256350683; 2.3100791692536644e-5 0.9872068213605512 0.0127700778477563; 2.0721041684959792e-5 0.9845976296604378 0.01538164929787722; 1.875117089521744e-5 0.9814418347630455 0.0185394140660593; 1.7158984365962827e-5 0.9777018892724713 0.022280951743162802; 1.5899533124185326e-5 0.9733732817893084 0.026610818677567427; 1.4920541751429307e-5 0.968481717581148 0.031503361877100566; 1.4169329370883223e-5 0.9630720343745427 0.036913796296086376; 1.3598299625388923e-5 0.9571951775597329 0.042791224140641626; 1.316768118487468e-5 0.950898366478804 0.04908846584001114; 1.2845915553719969e-5 0.944219893477803 0.055767260606643276; 1.260873014738283e-5 0.9371875145020623 0.06279987676779031; 1.2437764320885079e-5 0.9298188262395891 0.07016873599608997; 1.2319226180309022e-5 0.9221224247915684 0.07786525598225136; 1.2242769018510139e-5 0.9140991785966112 0.08588857863437038; 1.220061849795917e-5 0.9057433239493585 0.09424447543214354; 1.2186920113860224e-5 0.8970432927547145 0.10294452032517165; 1.2197260542473554e-5 0.8879822710857761 0.11200553165368143; 1.2228319512896405e-5 0.8785385175862155 0.12144925409427165; 1.2277617237150549e-5 0.8686854749702003 0.13130224741256258; 1.2343331351557304e-5 0.8583917020018271 0.1415959546668213; 1.242416420815189e-5 0.8476206446049402 0.15236693123085165; 1.2519247034553212e-5 0.8363302559858469 0.16365722476711853; 1.262807132981611e-5 0.8244724677488645 0.17551490417980564; 1.2750440668670101e-5 0.8119925070689293 0.18799474249040204; 1.2886438577549854e-5 0.7988280490117668 0.2011590645496556; 1.3036407847704958e-5 0.784908188078637 0.21507877551351529; 1.3200940986385187e-5 0.7701522093057185 0.22983458975329518; 1.3380878019099958e-5 0.7544681376369952 0.24551848148498578; 1.3577311335596334e-5 0.7377510465615157 0.26223537612714876; 1.379159634234653e-5 0.7198811166256966 0.28010509177796106; 1.4025365109341671e-5 0.7007214577777012 0.29926451685718947; 1.4280541694666633e-5 0.6801157583241905 0.3198699611341149; 1.4559354272992592e-5 0.6578859191201425 0.34209952152558454; 1.4864335249940292e-5 0.6338300136619877 0.36615512200276246; 1.5198295508965884e-5 0.6077212542844099 0.39226354742008107; 1.5564246232506717e-5 0.579309269484203 0.42067516626956447; 1.5965220978466727e-5 0.5483261302546651 0.4516579045243564; 1.6403913618055957e-5 0.5145015669280782 0.48548202915830374; 1.688199306156638e-5 0.4775951880552112 0.5223879299517273; 1.739886410445424e-5 0.43745857213060096 0.5625240290052946; 1.7949570288444398e-5 0.3941455948966263 0.6058364555330853; 1.8521595092210743e-5 0.34808803066784905 0.6518934477370588; 1.909094272776348e-5 0.3003231831517945 0.6996577259054777; 1.96196945289257e-5 0.2526641005243436 0.7473162797811275; 2.005975231551056e-5 0.20755905220208226 0.7924208880456023; 2.0366193470868305e-5 0.16743182358885297 0.8325478102176762; 2.0514010318180027e-5 0.13379589856677848 0.8661835874229034; 2.0504633462597097e-5 0.10686093579484375 0.8931185595716936; 2.035850918383088e-5 0.0858674162218554 0.9141122252689607; 0.09043021586394413 0.715641526567178 0.19392825756887777; 0.09021000354538555 0.7138420142885773 0.19594798216603715; 0.08998323282421863 0.7120611303010292 0.19795563687475215; 0.08975484580385806 0.7102849127510034 0.19996024144513858]\n",
      "pvap = [2715.8965961935533; 2721.177690305949; 2726.5239766868767; 2731.935974669524; 2737.4138249768976; 2742.958082204101; 2748.568921524404; 2754.246719455718; 2759.9917884312567; 2765.804442633799; 2771.6851492882574; 2777.6342298642735; 2783.6520107374945; 2789.7389430800927; 2795.8954286795183; 2802.1218191448847; 2808.41855931745; 2814.7863169370803; 2821.2254742213127; 2827.7366777528614; 2834.3206530073444; 2840.9780465314025; 2847.7096700886386; 2854.5165095156804; 2861.39960769951; 2868.360354302363; 2875.4001722102344; 2882.5208320944334; 2889.7244280979935; 2897.013606235498; 2904.391286987308; 2911.8614635355716; 2919.4285871427014; 2927.0985947251197; 2934.8785816659592; 2942.777736264883; 2950.8076473554784; 2958.9830281575596; 2967.3230862251985; 2975.8526775665678; 2984.6042550858133; 2993.620569285175; 3002.958031404155; 3012.690826059304; 3022.9155653663656; 3033.7560568384747; 3045.3651823683626; 3057.921080111257; 3071.6134531391954; 3086.6193814613016; 3103.074679192339; 3121.055700467621; 3140.57999156302; 3161.625944841462; 3184.157528269116; 3208.1459055339246; 3233.581122404096; 3260.4782371251276; 3288.878497789075; 3318.8495502986916; 3350.484530251313; 3383.902970153138; 3419.2513550243884; 3456.7052188690905; 3496.472530233968; 3538.7973120832276; 3583.966248042083; 3632.315589223324; 3684.241030287677; 3740.2096614841576; 3800.7757873084415; 3866.6012733144694; 3938.4814336644613; 4017.3796727068952; 4104.472675946111; 4201.211249583399; 4309.402899435841; 4431.324978095509; 4569.882858670993; 4728.833881311431; 4913.110071534998; 5129.291710355723; 5386.312996220758; 5696.534420623251; 6077.392131706204; 6553.960707471835; 7162.922864353047; 7958.561296768973; 9021.160798439465; 10466.788007660683; 12453.579924687165; 15174.468420322588; 18828.745256444337; 23584.277028362467; 29558.117416128433; 36825.36586867576; 203694.42336402298; 205108.96058657113; 206580.03832592745; 208103.25653932485;;]\n"
     ]
    },
    {
     "data": {
      "text/plain": [
       "100×1 Matrix{Float64}:\n",
       "   2715.8965961935533\n",
       "   2721.177690305949\n",
       "   2726.5239766868767\n",
       "   2731.935974669524\n",
       "   2737.4138249768976\n",
       "   2742.958082204101\n",
       "   2748.568921524404\n",
       "   2754.246719455718\n",
       "   2759.9917884312567\n",
       "   2765.804442633799\n",
       "   2771.6851492882574\n",
       "   2777.6342298642735\n",
       "   2783.6520107374945\n",
       "      ⋮\n",
       "   9021.160798439465\n",
       "  10466.788007660683\n",
       "  12453.579924687165\n",
       "  15174.468420322588\n",
       "  18828.745256444337\n",
       "  23584.277028362467\n",
       "  29558.117416128433\n",
       "  36825.36586867576\n",
       " 203694.42336402298\n",
       " 205108.96058657113\n",
       " 206580.03832592745\n",
       " 208103.25653932485"
      ]
     },
     "execution_count": 86,
     "metadata": {},
     "output_type": "execute_result"
    }
   ],
   "source": [
    "T = 298.15\n",
    "\n",
    "pvap = zeros(N, 1)\n",
    "y_vap = zeros(N, 3)\n",
    "partial_H2O = zeros(N, 1)\n",
    "partial_MEA = zeros(N, 1)\n",
    "partial_CO2 = zeros(N, 1)\n",
    "\n",
    " for i in 1:N\n",
    "        comp = x_liq[i, :]\n",
    "        calc = bubble_pressure(model_mix, T, comp)\n",
    "        pvap[i] = calc[1]\n",
    "        y_vap[i, 1] = calc[4][1]\n",
    "        y_vap[i, 2] = calc[4][2]\n",
    "        y_vap[i, 3] = calc[4][3]\n",
    "    end\n",
    "\n",
    "partial_MEA = pvap .* y_vap[:, 1]\n",
    "partial_H2O = pvap .* y_vap[:, 2]\n",
    "partial_CO2 = pvap .* y_vap[:, 3]\n",
    "\n",
    "@show y_vap\n",
    "@show pvap"
   ]
  },
  {
   "cell_type": "markdown",
   "id": "62329b4c-c7a5-43c4-93d7-fac417017362",
   "metadata": {},
   "source": [
    "Import Felipe's Data"
   ]
  },
  {
   "cell_type": "code",
   "execution_count": 88,
   "id": "967fd5b4-2398-4256-b303-2577bcaea977",
   "metadata": {},
   "outputs": [
    {
     "data": {
      "text/plain": [
       "99-element Vector{Float64}:\n",
       " 0.012121212\n",
       " 0.024242424\n",
       " 0.036363636\n",
       " 0.048484848\n",
       " 0.060606061\n",
       " 0.072727273\n",
       " 0.084848485\n",
       " 0.096969697\n",
       " 0.109090909\n",
       " 0.121212121\n",
       " 0.133333333\n",
       " 0.145454545\n",
       " 0.157575758\n",
       " ⋮\n",
       " 1.066666667\n",
       " 1.078787879\n",
       " 1.090909091\n",
       " 1.103030303\n",
       " 1.115151515\n",
       " 1.127272727\n",
       " 1.139393939\n",
       " 1.151515152\n",
       " 1.163636364\n",
       " 1.175757576\n",
       " 1.187878788\n",
       " 1.2"
      ]
     },
     "execution_count": 88,
     "metadata": {},
     "output_type": "execute_result"
    }
   ],
   "source": [
    "dataT2 = CSV.read(\"solubilityCO2_MEA_C1_T2.csv\", DataFrame; header=false)\n",
    "#dataT3 = CSV.read(\"solubilityCO2_MEA_C1_T2.csv\", DataFrame; header=false)\n",
    "#dataT4 = CSV.read(\"solubilityCO2_MEA_C1_T2.csv\", DataFrame; header=false)\n",
    "\n",
    "rename!(dataT2, [\"Loading\", \"Pressure\", \"xH2O\", \"xMEA\", \"xCO2\"]);\n",
    "\n",
    "loadingexp = dataT2.Loading\n",
    "pressureexp = dataT2.Pressure\n",
    "yCO2exp = dataT2.xCO2\n",
    "partialexp = pressureexp .* yCO2exp\n",
    "\n",
    "\n",
    "partialexpfil = partialexp[2:100]\n",
    "loadingexpfil = loadingexp[2:100]"
   ]
  },
  {
   "cell_type": "markdown",
   "id": "71fcbe14-aa21-4f99-a193-4a1caf36e3c4",
   "metadata": {},
   "source": [
    "Plot"
   ]
  },
  {
   "cell_type": "code",
   "execution_count": 90,
   "id": "f35aab94-467c-46ba-9ed1-4b33539d3d71",
   "metadata": {},
   "outputs": [
    {
     "data": {
